13 13 13 13 13 13 13 13 13 13 13 13 13 13 13 13 13 13 13 13 13 13 13 13 13 13 13 13
13 11 04 04 04 04 04 04 04 04 04 04 04 04 04 04 04 04 04 04 04 04 04 04 04 04 12 13
13 03 02 02 02 02 02 02 02 02 02 02 02 02 02 02 02 02 02 02 02 02 02 02 02 02 03 13
13 03 01 01 01 01 01 01 01 01 01 01 01 01 01 01 01 01 01 01 01 01 01 01 01 01 03 13
13 03 01 11 04 12 01 11 04 12 01 01 01 01 01 01 01 01 11 04 12 01 11 04 12 01 03 13
13 03 01 03 13 03 01 03 13 03 01 01 01 01 01 01 01 01 03 13 03 01 03 13 03 01 03 13
13 03 01 03 13 03 01 03 13 03 01 01 01 01 01 01 01 01 03 13 03 01 03 13 03 01 03 13
13 03 01 03 13 03 01 03 13 03 01 01 01 01 01 01 01 01 03 13 03 01 03 13 03 01 03 13
13 03 01 03 13 03 01 03 13 03 01 01 01 01 01 01 01 01 03 13 03 01 03 13 03 01 03 13
13 03 01 03 13 03 01 03 13 03 01 01 01 01 01 01 01 01 03 13 03 01 03 13 03 01 03 13
13 03 01 03 13 03 01 03 13 03 01 01 01 01 01 01 01 01 03 13 03 01 03 13 03 01 03 13
13 03 01 03 13 03 01 03 13 03 01 01 01 01 01 01 01 01 03 13 03 01 03 13 03 01 03 13
13 03 01 03 13 03 01 03 13 03 01 01 01 01 01 01 01 01 03 13 03 01 03 13 03 01 03 13
13 03 01 03 13 03 01 03 13 03 01 01 01 01 01 01 01 01 03 13 03 01 03 13 03 01 03 13
13 03 01 03 13 03 01 03 13 03 01 01 01 01 01 01 01 01 03 13 03 01 03 13 03 01 03 13
13 03 01 03 13 03 01 03 13 03 01 01 01 01 01 01 01 01 03 13 03 01 03 13 03 01 03 13
13 03 01 03 13 03 01 03 13 03 01 01 01 01 01 01 01 01 03 13 03 01 03 13 03 01 03 13
13 03 01 03 13 03 01 03 13 03 01 01 01 01 01 01 01 01 03 13 03 01 03 13 03 01 03 13
13 03 01 03 13 10 04 09 13 03 01 01 01 01 01 01 01 01 03 13 10 04 09 13 03 01 03 13
13 03 01 03 13 02 02 02 13 03 01 01 01 01 01 01 01 01 03 13 02 02 02 13 03 01 03 13
13 03 01 03 13 13 13 13 13 03 01 01 01 01 01 01 01 01 03 13 13 13 13 13 03 01 03 13
13 03 01 10 04 04 04 04 04 09 01 01 01 01 01 01 01 01 10 04 04 04 04 04 09 01 03 13
13 03 01 02 02 02 02 02 02 02 01 01 01 01 01 01 01 01 02 02 02 02 02 02 02 01 03 13
13 03 01 01 01 01 01 01 01 01 01 01 01 01 01 01 01 01 01 01 01 01 01 01 01 01 03 13
13 03 01 01 01 01 01 01 01 01 01 01 01 01 01 01 01 01 01 01 01 01 01 01 01 01 03 13
13 03 01 01 01 01 01 01 01 01 01 01 01 01 01 01 01 01 01 01 01 01 01 01 01 01 03 13
13 03 01 01 01 01 01 01 01 01 01 01 01 01 01 01 01 01 01 01 01 01 01 01 01 01 03 13
13 03 01 01 01 01 01 01 01 01 01 01 01 01 01 01 01 01 01 01 01 01 01 01 01 01 03 13
13 03 01 01 01 01 01 01 01 01 01 01 01 01 01 01 01 01 01 01 01 01 01 01 01 01 03 13
13 03 01 11 04 04 04 04 04 12 01 01 01 01 01 01 01 01 11 04 04 04 04 04 12 01 03 13
13 03 01 03 02 02 02 02 02 03 01 01 01 01 01 01 01 01 03 02 02 02 02 02 03 01 03 13
13 03 01 03 13 13 13 13 13 03 01 01 01 01 01 01 01 01 03 13 13 13 13 13 03 01 03 13
13 03 01 03 13 11 04 12 13 03 01 01 01 01 01 01 01 01 03 13 11 04 12 13 03 01 03 13
13 03 01 03 13 03 02 03 13 03 01 01 01 01 01 01 01 01 03 13 03 02 03 13 03 01 03 13
13 03 01 03 13 03 01 03 13 03 01 01 01 01 01 01 01 01 03 13 03 01 03 13 03 01 03 13
13 03 01 10 04 09 01 10 04 09 01 01 01 01 01 01 01 01 10 04 09 01 10 04 09 01 03 13
13 03 01 02 02 02 01 02 02 02 01 01 01 01 01 01 01 01 02 02 02 01 02 02 02 01 03 13
13 03 01 01 01 01 01 01 01 01 01 01 01 01 01 01 01 01 01 01 01 01 01 01 01 01 03 13
13 10 04 04 04 04 04 04 04 04 04 04 04 04 04 04 04 04 04 04 04 04 04 04 04 04 09 13
13 02 02 02 02 02 02 02 02 02 02 02 02 02 02 02 02 02 02 02 02 02 02 02 02 02 02 13
13 13 13 13 13 13 13 13 13 13 13 13 13 13 13 13 13 13 13 13 13 13 13 13 13 13 13 13