11 04 04 04 04 04 04 04 04 04 04 04 04 04 04 04 12
03 01 01 01 01 01 01 01 01 01 01 01 01 01 01 01 03
03 01 01 01 01 01 01 01 01 01 01 01 01 01 01 01 03
03 01 01 01 01 01 01 01 01 01 01 01 01 01 01 01 03
03 01 01 01 01 01 01 01 01 01 01 01 01 01 01 01 03
03 01 01 01 01 01 01 01 01 01 01 01 01 01 01 01 03
03 01 01 01 01 01 01 01 01 01 01 01 01 01 01 01 03
03 01 01 01 01 01 01 01 01 01 01 01 01 01 01 01 03
03 01 01 01 01 01 01 01 01 01 01 01 01 01 01 01 03
03 01 01 01 01 01 01 01 01 01 01 01 01 01 01 01 03
03 01 01 01 01 01 01 01 01 01 01 01 01 01 01 01 03
03 01 01 01 01 01 01 01 01 01 01 01 01 01 01 01 03
10 04 04 04 04 04 04 04 04 04 04 04 04 04 04 04 09